_viz_0 = nengo_gui.components.HTMLView(env_node)
_viz_config[_viz_0].x = 0.7932602309276682
_viz_config[_viz_0].y = 0.23152443436436304
_viz_config[_viz_0].width = 0.11402508551881414
_viz_config[_viz_0].height = 0.13908205841446453
_viz_config[_viz_0].label_visible = True
_viz_net_graph = nengo_gui.components.NetGraph()
_viz_progress = nengo_gui.components.Progress()
_viz_config[_viz_progress].x = 0
_viz_config[_viz_progress].y = 0
_viz_config[_viz_progress].width = 100
_viz_config[_viz_progress].height = 100
_viz_config[_viz_progress].label_visible = True
_viz_sim_control = nengo_gui.components.SimControl()
_viz_config[_viz_sim_control].shown_time = 0.5
_viz_config[_viz_sim_control].kept_time = 4.0
_viz_config[ens].pos=(0.3695652173913043, 0.21052631578947367)
_viz_config[ens].size=(0.07246376811594202, 0.10526315789473685)
_viz_config[env_node].pos=(0.09420289855072464, 0.8105263157894738)
_viz_config[env_node].size=(0.05797101449275362, 0.08421052631578947)
_viz_config[error].pos=(0.9057971014492753, 0.8105263157894738)
_viz_config[error].size=(0.05797101449275362, 0.08421052631578947)
_viz_config[model].pos=(0, 0)
_viz_config[model].size=(1.0, 1.0)
_viz_config[model].expanded=True
_viz_config[model].has_layout=True
_viz_config[prediction].pos=(0.644927536231884, 0.5157894736842106)
_viz_config[prediction].size=(0.05797101449275362, 0.08421052631578947)