_viz_0 = nengo_gui.components.HTMLView(env)
_viz_config[_viz_0].x = 0.3416988977069934
_viz_config[_viz_0].y = 0.7462343211930329
_viz_config[_viz_0].width = 0.11402508551881414
_viz_config[_viz_0].height = 0.13908205841446453
_viz_config[_viz_0].label_visible = True
_viz_net_graph = nengo_gui.components.NetGraph()
_viz_progress = nengo_gui.components.Progress()
_viz_config[_viz_progress].x = 0
_viz_config[_viz_progress].y = 0
_viz_config[_viz_progress].width = 100
_viz_config[_viz_progress].height = 100
_viz_config[_viz_progress].label_visible = True
_viz_sim_control = nengo_gui.components.SimControl()
_viz_config[_viz_sim_control].shown_time = 0.5
_viz_config[_viz_sim_control].kept_time = 4.0
_viz_config[bias].pos=(0.04887218045112782, 0.32644628099173556)
_viz_config[bias].size=(0.03007518796992481, 0.03305785123966942)
_viz_config[do_memory].pos=(0.6428571428571428, 0.43801652892561993)
_viz_config[do_memory].size=(0.03759398496240601, 0.04132231404958678)
_viz_config[do_search].pos=(0.19172932330827067, 0.32644628099173556)
_viz_config[do_search].size=(0.03759398496240601, 0.04132231404958678)
_viz_config[env].pos=(0.49248120300751874, 0.32644628099173556)
_viz_config[env].size=(0.03007518796992481, 0.03305785123966942)
_viz_config[go_to_target].pos=(0.3421052631578947, 0.2066115702479339)
_viz_config[go_to_target].size=(0.03759398496240601, 0.04132231404958678)
_viz_config[mem_update].pos=(0.7932330827067668, 0.9173553719008264)
_viz_config[mem_update].size=(0.03759398496240601, 0.04132231404958678)
_viz_config[memory].pos=(0.9436090225563909, 0.32644628099173556)
_viz_config[memory].size=(0.03759398496240601, 0.04132231404958678)
_viz_config[model].pos=(0, 0)
_viz_config[model].size=(1.0, 1.0)
_viz_config[model].expanded=True
_viz_config[model].has_layout=True
_viz_config[search].pos=(0.7932330827067668, 0.5578512396694215)
_viz_config[search].size=(0.03759398496240601, 0.04132231404958678)
_viz_config[wander].pos=(0.7932330827067668, 0.08264462809917356)
_viz_config[wander].size=(0.03759398496240601, 0.04132231404958678)